Accuracy :

  training : 0.67
  test     : 0.67
  total    : 0.67


1 Feature(s) Used :

  (f4) / ((f1) / ((f2) * (f3)))
    Collision Proportion :
      A : 0.0
      B : 0.0
      C : 0.0
      D : 0.0
      E : 0.0
    Standard Deviation :
      A : 0.114133047974
      B : 0.000376237335058
      C : 4.36108957038e-06
      D : 1.10291228674e-05
      E : 8.39664469975e-06
    Intrusion Proportion :
      A : 0.835
      B : 0.955
      C : 0.37
      D : 0.455
      E : 0.4125
    Means :
      A : 0.0209559456691
      B : 0.000199536379263
      C : 6.02762668113e-06
      D : 2.75771646e-05
      E : 2.43408408866e-05

