Accuracy :

  training : 0.922310756972
  test     : 0.894308943089
  total    : 0.9168


1 Feature(s) Used :

  ((left_weight) - ((right_distance) + (right_weight))) + (left_distance)
    Collision Proportion :
      B : 0.382470119522
      L : 0.382470119522
      R : 0.382470119522
    Standard Deviation :
      B : 0.0139754248594
      L : 0.10433554366
      R : 0.102981749446
    Intrusion Proportion :
      B : 0.382470119522
      L : 0.382470119522
      R : 0.382470119522
    Means :
      B : 0.5
      L : 0.656114718615
      R : 0.350378787879

