Accuracy :

  training : 0.946666666667
  test     : 0.946666666667
  total    : 0.946666666667


1 Feature(s) Used :

  sqr(sepal_length)
    Collision Proportion :
      Iris-setosa     : 0.0
      Iris-versicolor : 0.193333333333
      Iris-virginica  : 0.193333333333
    Standard Deviation :
      Iris-setosa     : 0.0122049170419
      Iris-versicolor : 0.0820792300159
      Iris-virginica  : 0.134369044054
    Intrusion Proportion :
      Iris-setosa     : 0.0
      Iris-versicolor : 0.44
      Iris-virginica  : 0.246666666667
    Means :
      Iris-setosa     : 0.0248
      Iris-versicolor : 0.371
      Iris-virginica  : 0.6464

