Accuracy :

  training : 0.983333333333
  test     : 0.933333333333
  total    : 0.973333333333


1 Feature(s) Used :

  (sepal_length) - (sqrt(sqr(sepal_length+sqrt(sqr(sepal_length+sepal_width)/2))/2))
    Collision Proportion :
      Iris-setosa     : 0.0
      Iris-versicolor : 0.025
      Iris-virginica  : 0.025
    Standard Deviation :
      Iris-setosa     : 0.031779448077
      Iris-versicolor : 0.0826708986831
      Iris-virginica  : 0.0829320797958
    Intrusion Proportion :
      Iris-setosa     : 0.0
      Iris-versicolor : 0.375
      Iris-virginica  : 0.0583333333333
    Means :
      Iris-setosa     : 0.932759077468
      Iris-versicolor : 0.458922664743
      Iris-virginica  : 0.187076499576

