Accuracy :

  training : 0.440476190476
  test     : 0.440476190476
  total    : 0.440476190476


1 Feature(s) Used :

  sqr(lip)
    Collision Proportion :
      cp  : 0.970238095238
      im  : 1.0
      imL : 0.0297619047619
      imS : 0.970238095238
      imU : 1.0
      om  : 1.0
      omL : 0.0297619047619
      pp  : 0.970238095238
    Standard Deviation :
      cp  : 0.0
      im  : 0.113218154378
      imL : 0.0
      imS : 0.0
      imU : 0.166598625567
      om  : 0.217944947177
      omL : 0.0
      pp  : 0.0
    Intrusion Proportion :
      cp  : 0.970238095238
      im  : 1.0
      imL : 0.0297619047619
      imS : 0.970238095238
      imU : 1.0
      om  : 1.0
      omL : 0.0297619047619
      pp  : 0.970238095238
    Means :
      cp  : 0.0
      im  : 0.012987012987
      imL : 1.0
      imS : 0.0
      imU : 0.0285714285714
      om  : 0.05
      omL : 1.0
      pp  : 0.0

