Accuracy :

  training : 0.845238095238
  test     : 0.845238095238
  total    : 0.845238095238


1 Feature(s) Used :

  (alm1) + (abs(sqrt(sqr(gvh+aac)/2)))
    Collision Proportion :
      cp  : 0.0
      im  : 0.0297619047619
      imL : 0.00595238095238
      imS : 0.0
      imU : 0.0178571428571
      om  : 0.0
      omL : 0.0
      pp  : 0.00595238095238
    Standard Deviation :
      cp  : 0.106386465602
      im  : 0.107730156837
      imL : 0.123696864144
      imS : 0.0860120765129
      imU : 0.13209977495
      om  : 0.1233074508
      omL : 0.0595542222022
      pp  : 0.104338903703
    Intrusion Proportion :
      cp  : 0.428571428571
      im  : 0.714285714286
      imL : 0.327380952381
      imS : 0.258928571429
      imU : 0.931547619048
      om  : 0.494047619048
      omL : 0.235119047619
      pp  : 0.729166666667
    Means :
      cp  : 0.285732983926
      im  : 0.72922108468
      imL : 0.580847468881
      imS : 0.643632851118
      imU : 0.710234186289
      om  : 0.728683909791
      omL : 0.588880549737
      pp  : 0.559348816099

