Accuracy :

  training : 0.669781931464
  test     : 0.278481012658
  total    : 0.5925


1 Feature(s) Used :

  sqrt((f5) * (f3))
    Collision Proportion :
      A : 0.0
      B : 0.0
      C : 0.0
      D : 0.0
      E : 0.0
    Standard Deviation :
      A : 0.105565911421
      B : 0.059428702867
      C : 0.0167309266371
      D : 0.0525538273539
      E : 0.00323671779793
    Intrusion Proportion :
      A : 0.96261682243
      B : 0.993769470405
      C : 0.853582554517
      D : 0.598130841121
      E : 0.271028037383
    Means :
      A : 0.106513045912
      B : 0.0759486512768
      C : 0.0165830857241
      D : 0.0601474243553
      E : 0.0212815152394

