Accuracy :

  training : 0.728971962617
  test     : 0.620253164557
  total    : 0.7075


7 Feature(s) Used :

