Accuracy :

  training : 0.744548286604
  test     : 0.26582278481
  total    : 0.65


7 Feature(s) Used :

