Accuracy :

  training : 0.728971962617
  test     : 0.26582278481
  total    : 0.6375


7 Feature(s) Used :

