Accuracy :

  training : 0.966666666667
  test     : 0.9
  total    : 0.953333333333


1 Feature(s) Used :

  sepal_length
    Collision Proportion :
      Iris-setosa     : 0.0
      Iris-versicolor : 0.175
      Iris-virginica  : 0.175
    Standard Deviation :
      Iris-setosa     : 0.0313039534244
      Iris-versicolor : 0.0761166867382
      Iris-virginica  : 0.0967726071779
    Intrusion Proportion :
      Iris-setosa     : 0.0
      Iris-versicolor : 0.441666666667
      Iris-virginica  : 0.241666666667
    Means :
      Iris-setosa     : 0.07725
      Iris-versicolor : 0.5525
      Iris-virginica  : 0.77275

