Accuracy :

  training : 0.95
  test     : 0.933333333333
  total    : 0.946666666667


1 Feature(s) Used :

  sqr(sepal_length)
    Collision Proportion :
      Iris-setosa     : 0.0
      Iris-versicolor : 0.141666666667
      Iris-virginica  : 0.141666666667
    Standard Deviation :
      Iris-setosa     : 0.0109430343141
      Iris-versicolor : 0.0816072913409
      Iris-virginica  : 0.12499774998
    Intrusion Proportion :
      Iris-setosa     : 0.0
      Iris-versicolor : 0.433333333333
      Iris-virginica  : 0.141666666667
    Means :
      Iris-setosa     : 0.0245
      Iris-versicolor : 0.3795
      Iris-virginica  : 0.64575

