Accuracy :

  training : 0.941666666667
  test     : 0.966666666667
  total    : 0.946666666667


1 Feature(s) Used :

  sqr(sepal_length)
    Collision Proportion :
      Iris-setosa     : 0.0
      Iris-versicolor : 0.2
      Iris-virginica  : 0.2
    Standard Deviation :
      Iris-setosa     : 0.0115758369028
      Iris-versicolor : 0.0784183492558
      Iris-virginica  : 0.13368596598
    Intrusion Proportion :
      Iris-setosa     : 0.0
      Iris-versicolor : 0.441666666667
      Iris-virginica  : 0.25
    Means :
      Iris-setosa     : 0.024
      Iris-versicolor : 0.37575
      Iris-virginica  : 0.64075

