Accuracy :

  training : 0.95
  test     : 0.933333333333
  total    : 0.946666666667


1 Feature(s) Used :

  sqr(sepal_length)
    Collision Proportion :
      Iris-setosa     : 0.0
      Iris-versicolor : 0.175
      Iris-virginica  : 0.175
    Standard Deviation :
      Iris-setosa     : 0.0132263940664
      Iris-versicolor : 0.0792586746041
      Iris-virginica  : 0.139301830569
    Intrusion Proportion :
      Iris-setosa     : 0.0
      Iris-versicolor : 0.441666666667
      Iris-virginica  : 0.241666666667
    Means :
      Iris-setosa     : 0.02475
      Iris-versicolor : 0.37075
      Iris-virginica  : 0.65

