Accuracy :

  training : 0.941666666667
  test     : 0.966666666667
  total    : 0.946666666667


1 Feature(s) Used :

  sqr(sepal_length)
    Collision Proportion :
      Iris-setosa     : 0.0
      Iris-versicolor : 0.158333333333
      Iris-virginica  : 0.158333333333
    Standard Deviation :
      Iris-setosa     : 0.012835497653
      Iris-versicolor : 0.0834251161222
      Iris-virginica  : 0.14193286265
    Intrusion Proportion :
      Iris-setosa     : 0.0
      Iris-versicolor : 0.408333333333
      Iris-virginica  : 0.208333333333
    Means :
      Iris-setosa     : 0.0245
      Iris-versicolor : 0.3655
      Iris-virginica  : 0.65475

