Accuracy :

  training : 0.95
  test     : 0.933333333333
  total    : 0.946666666667


1 Feature(s) Used :

  sqr(sepal_length)
    Collision Proportion :
      Iris-setosa     : 0.0
      Iris-versicolor : 0.175
      Iris-virginica  : 0.175
    Standard Deviation :
      Iris-setosa     : 0.012183492931
      Iris-versicolor : 0.0863293113606
      Iris-virginica  : 0.130697886364
    Intrusion Proportion :
      Iris-setosa     : 0.0
      Iris-versicolor : 0.441666666667
      Iris-virginica  : 0.233333333333
    Means :
      Iris-setosa     : 0.02625
      Iris-versicolor : 0.3635
      Iris-virginica  : 0.64075

