Accuracy :

  training : 0.669781931464
  test     : 0.26582278481
  total    : 0.59


1 Feature(s) Used :

  (f4) / ((f1) / ((f2) * (f3)))
    Collision Proportion :
      A : 0.0
      B : 0.0
      C : 0.0
      D : 0.0
      E : 0.0
    Standard Deviation :
      A : 0.127149882702
      B : 0.000413411218286
      C : 4.26123640811e-06
      D : 1.10355430818e-05
      E : 8.41953261998e-06
    Intrusion Proportion :
      A : 0.83800623053
      B : 0.953271028037
      C : 0.376947040498
      D : 0.464174454829
      E : 0.408099688474
    Means :
      A : 0.0250754357784
      B : 0.000216670002491
      C : 6.24674774253e-06
      D : 2.78945324385e-05
      E : 2.44636191317e-05

