Accuracy :

  training : 0.679127725857
  test     : 0.278481012658
  total    : 0.6


1 Feature(s) Used :

  (f4) / ((f1) / ((f2) * (f3)))
    Collision Proportion :
      A : 0.0
      B : 0.0
      C : 0.0
      D : 0.0
      E : 0.0
    Standard Deviation :
      A : 0.127007456769
      B : 0.000403802836709
      C : 4.06953871422e-06
      D : 1.1474782526e-05
      E : 8.39856018492e-06
    Intrusion Proportion :
      A : 0.844236760125
      B : 0.959501557632
      C : 0.348909657321
      D : 0.445482866044
      E : 0.401869158879
    Means :
      A : 0.0242432272974
      B : 0.00020984496964
      C : 5.8371199957e-06
      D : 2.68369839015e-05
      E : 2.45011561674e-05

