Accuracy :

  training : 0.694704049844
  test     : 0.240506329114
  total    : 0.605


1 Feature(s) Used :

  (f4) / ((f1) / ((f2) * (f3)))
    Collision Proportion :
      A : 0.0
      B : 0.0
      C : 0.0
      D : 0.0
      E : 0.0
    Standard Deviation :
      A : 0.125735390604
      B : 0.000403901744945
      C : 4.65993509263e-06
      D : 1.12111600337e-05
      E : 7.84923804934e-06
    Intrusion Proportion :
      A : 0.694704049844
      B : 0.947040498442
      C : 0.361370716511
      D : 0.451713395639
      E : 0.404984423676
    Means :
      A : 0.0236279899057
      B : 0.00020216482094
      C : 6.15109229853e-06
      D : 2.89115489565e-05
      E : 2.36486724229e-05

