Accuracy :

  training : 0.688473520249
  test     : 0.481012658228
  total    : 0.6475


1 Feature(s) Used :

  (f4) / ((f1) / ((f2) * (f3)))
    Collision Proportion :
      A : 0.0
      B : 0.0
      C : 0.0
      D : 0.0
      E : 0.0
    Standard Deviation :
      A : 0.115762407843
      B : 0.000196942045452
      C : 4.39823997134e-06
      D : 9.29654632206e-06
      E : 8.84592865212e-06
    Intrusion Proportion :
      A : 0.80062305296
      B : 0.915887850467
      C : 0.358255451713
      D : 0.420560747664
      E : 0.404984423676
    Means :
      A : 0.0196899694296
      B : 0.000157876732552
      C : 5.95645641707e-06
      D : 2.63526116573e-05
      E : 2.47767101905e-05

