Accuracy :

  training : 0.874538745387
  test     : 0.584615384615
  total    : 0.818452380952


1 Feature(s) Used :

  ((sqrt(sqr(alm2+chg)/2)) * (mcg)) + (alm1)
    Collision Proportion :
      cp  : 0.00738007380074
      im  : 0.00738007380074
      imL : 0.0
      imS : 0.0
      imU : 0.00738007380074
      om  : 0.0
      omL : 0.0
      pp  : 0.00738007380074
    Standard Deviation :
      cp  : 0.0894607538246
      im  : 0.147574854758
      imL : 0.102437456014
      imS : 0.0960932547886
      imU : 0.0973409297529
      om  : 0.0674045524253
      omL : 0.0235784322297
      pp  : 0.100784811108
    Intrusion Proportion :
      cp  : 0.413284132841
      im  : 0.808118081181
      imL : 0.188191881919
      imS : 0.166051660517
      imU : 0.258302583026
      om  : 0.328413284133
      omL : 0.0885608856089
      pp  : 0.80442804428
    Means :
      cp  : 0.232063997759
      im  : 0.633749188154
      imL : 0.730048634682
      imS : 0.642381016422
      imU : 0.788336702196
      om  : 0.435166587438
      omL : 0.490485650767
      pp  : 0.438541800656

