Accuracy :

  training : 0.870848708487
  test     : 0.692307692308
  total    : 0.83630952381


1 Feature(s) Used :

  ((alm2) / ((lip) * (((mcg) * (mcg)) + ((mcg) / ((alm1) - (chg)))))) + (mcg)
    Collision Proportion :
      cp  : 0.0147601476015
      im  : 0.0
      imL : 0.0
      imS : 0.0
      imU : 0.0
      om  : 0.0147601476015
      omL : 0.0
      pp  : 0.0147601476015
    Standard Deviation :
      cp  : 0.144230950085
      im  : 0.0806379534365
      imL : 0.0321124282558
      imS : 0.0180889398362
      imU : 0.021022057815
      om  : 0.366001226326
      omL : 0.00349349195707
      pp  : 0.321991049768
    Intrusion Proportion :
      cp  : 0.527675276753
      im  : 0.874538745387
      imL : 0.324723247232
      imS : 0.143911439114
      imU : 0.428044280443
      om  : 0.667896678967
      omL : 0.0590405904059
      pp  : 0.911439114391
    Means :
      cp  : 0.420237171678
      im  : 0.591412926786
      imL : 0.518279542085
      imS : 0.553159467871
      imU : 0.564985407433
      om  : 0.416536814607
      omL : 0.520381151231
      pp  : 0.436858163446

