Accuracy :

  training : 0.867158671587
  test     : 0.630769230769
  total    : 0.821428571429


1 Feature(s) Used :

  (alm1) + (abs(sqrt(sqr(gvh+aac)/2)))
    Collision Proportion :
      cp  : 0.0
      im  : 0.029520295203
      imL : 0.00738007380074
      imS : 0.0
      imU : 0.0147601476015
      om  : 0.0
      omL : 0.0
      pp  : 0.00738007380074
    Standard Deviation :
      cp  : 0.105533200708
      im  : 0.106743283177
      imL : 0.123696864144
      imS : 0.0860120765129
      imU : 0.134604251357
      om  : 0.125212701748
      omL : 0.0655704977588
      pp  : 0.102988643067
    Intrusion Proportion :
      cp  : 0.420664206642
      im  : 0.708487084871
      imL : 0.332103321033
      imS : 0.269372693727
      imU : 0.918819188192
      om  : 0.49815498155
      omL : 0.239852398524
      pp  : 0.571955719557
    Means :
      cp  : 0.284309699789
      im  : 0.730262532533
      imL : 0.580847468881
      imS : 0.643632851118
      imU : 0.700074361668
      om  : 0.704181958464
      omL : 0.594055326086
      pp  : 0.556904462933

