Accuracy :

  training : 0.439114391144
  test     : 0.446153846154
  total    : 0.440476190476


1 Feature(s) Used :

  sqr(lip)
    Collision Proportion :
      cp  : 0.966789667897
      im  : 1.0
      imL : 0.0332103321033
      imS : 0.966789667897
      imU : 1.0
      om  : 1.0
      omL : 0.0332103321033
      pp  : 0.966789667897
    Standard Deviation :
      cp  : 0.0
      im  : 0.125971768966
      imL : 0.0
      imS : 0.0
      imU : 0.18557687224
      om  : 0.242061459138
      omL : 0.0
      pp  : 0.0
    Intrusion Proportion :
      cp  : 0.966789667897
      im  : 1.0
      imL : 0.0332103321033
      imS : 0.966789667897
      imU : 1.0
      om  : 1.0
      omL : 0.0332103321033
      pp  : 0.966789667897
    Means :
      cp  : 0.0
      im  : 0.0161290322581
      imL : 1.0
      imS : 0.0
      imU : 0.0357142857143
      om  : 0.0625
      omL : 1.0
      pp  : 0.0

