Accuracy :

  training : 0.439114391144
  test     : 0.446153846154
  total    : 0.440476190476


1 Feature(s) Used :

  sqr(lip)
    Collision Proportion :
      cp  : 0.970479704797
      im  : 1.0
      imL : 0.029520295203
      imS : 0.970479704797
      imU : 0.970479704797
      om  : 1.0
      omL : 0.029520295203
      pp  : 0.970479704797
    Standard Deviation :
      cp  : 0.0
      im  : 0.125971768966
      imL : 0.0
      imS : 0.0
      imU : 0.0
      om  : 0.242061459138
      omL : 0.0
      pp  : 0.0
    Intrusion Proportion :
      cp  : 0.970479704797
      im  : 1.0
      imL : 0.029520295203
      imS : 0.970479704797
      imU : 0.970479704797
      om  : 1.0
      omL : 0.029520295203
      pp  : 0.970479704797
    Means :
      cp  : 0.0
      im  : 0.0161290322581
      imL : 1.0
      imS : 0.0
      imU : 0.0
      om  : 0.0625
      omL : 1.0
      pp  : 0.0

