Accuracy :

  training : 0.867158671587
  test     : 0.615384615385
  total    : 0.818452380952


1 Feature(s) Used :

  (alm1) + (abs(sqrt(sqr((sqrt(sqr(sqrt(sqr((mcg) - ((mcg) * (mcg))+(mcg) * (mcg))/2)+mcg)/2)) * (alm1)+sqrt(sqr(alm2+(mcg) - (aac))/2))/2)))
    Collision Proportion :
      cp  : 0.0
      im  : 0.0
      imL : 0.0
      imS : 0.0
      imU : 0.0
      om  : 0.0
      omL : 0.0
      pp  : 0.0
    Standard Deviation :
      cp  : 0.0979167443088
      im  : 0.147797187117
      imL : 0.174117100501
      imS : 0.0898957072598
      imU : 0.0993967985064
      om  : 0.0646383031862
      omL : 0.0260991602926
      pp  : 0.111413672329
    Intrusion Proportion :
      cp  : 0.483394833948
      im  : 0.771217712177
      imL : 0.321033210332
      imS : 0.177121771218
      imU : 0.346863468635
      om  : 0.380073800738
      omL : 0.0738007380074
      pp  : 0.874538745387
    Means :
      cp  : 0.256184646197
      im  : 0.652629769492
      imL : 0.677294961043
      imS : 0.658221267634
      imU : 0.778473540096
      om  : 0.372195810286
      omL : 0.510778778466
      pp  : 0.476462621666

